[[187.40548,-5.5346998],
[-14.605,1.27],
[-30.51527,3.5277778],
[-30.51527,4.3038889],
[0,0.35277777],
[-0.35278,0.42333337],
[-1.37584,0.24694447],
[-2.18722,-0.35277777],
[-9.525,0.4586111],
[-11.07722,1.27],
[-0.74083,0.3527778],
[-1.94028,0.6702778],
[-2.68111,0.6702778],
[-0.77611,0],
[-1.55222,0.21166663],
[-1.79917,0.52916663],
[-0.24694,0.3175],
[-1.02305,0.5291667],
[-1.905,0.5291667],
[-0.77611,0],
[-2.15194,0.3527778],
[-3.03389,0.7408333],
[-3.31611,1.5169448],
[-8.46666,2.8574998],
[-14.2875,3.7041668],
[-3.28083,0.458611],
[-9.31333,1.481667],
[-13.40555,2.257778],
[-16.510001,3.1044442],
[-23.600831,4.0216662],
[-35.806951,4.5861112],
[-9.2075,0.423333],
[-14.14638,0.846666],
[-17.74472,1.622778],
[-1.34055,0.282222],
[-3.175,0.493888],
[-4.1275,0.493888],
[-1.09361,0],
[-1.83444,0.176389],
[-2.01083,0.458612],
[-0.28222,0.493888],
[-0.81139,0.599722],
[-8.04333,1.516944],
[-2.32834,0.282222],
[-5.11528,0.740833],
[-6.17362,1.023056],
[-2.54,0.670277],
[-12.55888,4.339166],
[-16.08666,5.926666],
[-1.55222,0.670278],
[-3.70417,1.481667],
[-4.79778,1.799167],
[-1.09361,0.3175],
[-2.7163895,1.128889],
[-3.5983295,1.799167],
[-2.01084,1.552222],
[-3.66889,2.363611],
[-6.73806,3.351388],
[-4.16278,1.340556],
[-6.63222,2.716389],
[-18.1680505,10.16],
[-1.27,0.811389],
[-2.96334,1.799167],
[-3.73945,2.187223],
[-0.88194,0.423333],
[-2.04611,1.446389],
[-2.8575,2.54],
[-1.05833,1.375833],
[-2.15194,2.293055],
[-4.19805,3.421944],
[-1.51695,0.846667],
[-3.81,2.2225],
[-5.08,3.069167],
[-1.27,0.811389],
[-3.81,2.328333],
[-5.64445,3.316111],
[-1.83444,0.987778],
[-3.66889,2.081389],
[-4.05694,2.434167],
[-0.38806,0.352777],
[-1.5875,1.164166],
[-2.64584,1.799166],
[-1.05833,0.635],
[-3.70416,2.398889],
[-5.85611,3.915834],
[-2.15194,1.516944],
[-6.42055,4.021666],
[-9.525,5.573888],
[-4.65666,2.328334],
[-6.24416,3.351389],
[-9.242776,5.891389],
[-4.268611,3.598334],
[-4.480277,3.598334],
[-6.561666,0.211667],
[-1.481667,-2.434167],
[-2.716389,-3.104444],
[-7.796389,-4.339167],
[-1.693333,-0.388055],
[-3.457222,-0.881944],
[-3.951111,-1.058333],
[-0.635,-0.211667],
[-1.058334,-0.211667],
[-1.375834,0.07056],
[-0.3175,0.282222],
[-1.234722,0.352777],
[-2.54,0.211666],
[-1.5875,-0.176389],
[-2.328333,-0.07055],
[-3.4925,0.493889],
[-2.010833,0.987778],
[-5.997223,5.256389],
[-7.090833,7.690556],
[-0.91722,1.940277],
[-0.91722,2.151944],
[-1.12889,12.3825],
[-0.24694,11.712223],
[-0.3175,11.994443],
[-2.71639,13.335003],
[-2.25777,1.23472],
[-4.445,3.63361],
[-7.51416,8.14916],
[-1.51695,2.25778],
[-4.30389,6.13834],
[-6.17361,8.67834],
[-3.10445,4.19805],
[-4.09223,6.0325],
[-12.17084,22.225],
[-4.83305,9.70139],
[-9.27805,18.52083],
[-9.8425,19.57916],
[-2.61055,4.79778],
[-6.49111,13.58195],
[-7.65528,17.28611],
[-1.37583,4.37445],
[-2.57527,6.91445],
[-5.89138,12.7],
[-5.32695,9.24278],
[-8.67834,18.27389],
[-10.37167,28.04584],
[-0.84667,4.97416],
[-0.84667,17.49778],
[0,23.07166],
[1.51694,9.56028],
[5.04472,16.43945],
[10.33639,19.93195],
[l],
[1.48166,0.9525],
[1.94028,-0.56445],
[c],
[1.44639,-0.42333],
[2.29306,-0.49388],
[3.175,-0.24694],
[1.44639,0.38806],
[2.15195,0.0706],
[2.89278,-1.37583],
[0.42333,-0.77611],
[2.50472,-2.43417],
[4.69194,-3.70417],
[0.10584,-0.0706],
[1.09362,-6.27944],
[1.12889,-6.94972],
[0,-0.14111],
[0.3175,-0.56445],
[0.70556,-0.9525],
[0.56444,-0.56445],
[1.16417,-0.70556],
[3.31611,-0.70556],
[3.35139,0],
[4.37444,-0.67028],
[6.38528,-4.23333],
[1.97555,-3.52778],
[2.99861,-4.51556],
[6.87916,-6.49111],
[2.18723,-1.12889],
[4.58612,-2.78695],
[7.3025,-5.08],
[6.35,-5.36222],
[6.84389,-5.715],
[7.86695,-5.715],
[0.52917,0],
[1.16417,-0.24695],
[1.44639,-0.56445],
[0.35278,-0.45861],
[0.9525,-0.49389],
[3.31611,-0.3175],
[2.539998,0.21167],
[2.928053,0.17639],
[3.13972,-0.35277],
[0.176389,-0.49389],
[0.3175,-0.52917],
[0.740833,-0.17639],
[0.670278,0.56444],
[2.54,0.10583],
[2.998612,-0.74084],
[0.3175,-0.56444],
[0.776111,-0.67027],
[3.280833,-0.67027],
[2.786944,0],
[2.998611,-0.0706],
[5.715,-1.62278],
[3.386667,-1.94028],
[4.797778,-2.54],
[6.879167,-2.89278],
[1.27,-0.21167],
[1.622777,-0.42333],
[1.693333,-1.02306],
[0.07055,-0.52916],
[0.388055,-0.81138],
[1.058333,-0.88194],
[0.776111,-0.0706],
[1.093611,-0.42333],
[1.728611,-2.04611],
[0.670278,-1.69333],
[0.917223,-1.97556],
[1.940278,-2.18722],
[0.635,-0.10584],
[1.199445,-0.38806],
[1.27,-0.59973],
[0.176389,-0.49388],
[4.092222,-3.28083],
[5.961949,-4.23333],
[0.81138,-0.38805],
[1.65805,-1.05833],
[1.86972,-1.44639],
[0.28222,-0.52916],
[0.81139,-0.70555],
[2.36361,-0.77611],
[l],
[1.97555,-0.10583],
[0.98778,-2.39889],
[c],
[0.98778,-2.50472],
[3.03389,-4.79778],
[4.30389,-4.83306],
[0.35278,0],
[0.59972,-0.28222],
[0.59972,-0.70555],
[0,-0.42334],
[0.24695,-0.70556],
[0.59973,-0.70556],
[0.3175,0],
[1.12888,-0.635],
[1.79916,-1.41111],
[0.635,-0.77611],
[1.65806,-1.65805],
[2.2225,-1.97555],
[0.70556,-0.35278],
[1.02306,-0.77612],
[1.02306,-1.41112],
[0,-1.44638],
[0.81139,-2.92805],
[3.73944,-6.91444],
[1.55222,-2.04611],
[3.66889,-4.93889],
[4.72722,-6.42056],
[1.48167,-2.08138],
[2.15195,-2.68111],
[2.78695,-2.68111],
[0.49389,0],
[1.65805,-0.56444],
[2.64583,-1.23472],
[1.65806,-1.12889],
[2.11667,-1.23472],
[5.82084,-1.62278],
[2.2225,-0.21166],
[4.72722,-0.28222],
[5.60916,-0.14111],
[l],
[1.55222,0.24695],
[-0.67027,0.74083],
[c],
[-0.84667,0.9525],
[-2.46945,4.72722],
[-2.92806,6.84389],
[-0.24694,1.05833],
[-1.41111,3.03389],
[-3.66889,6.17361],
[-8.04333,11.25361],
[-16.33361,26.91694],
[-28.78666,54.43361],
[-3.91584,8.71361],
[-7.76112,16.96861],
[-8.50195,18.34445],
[-1.834443,3.38666],
[-2.434166,7.02027],
[-2.434166,14.85194],
[0,3.35139],
[0.176389,7.3025],
[0.388056,8.78417],
[0.352778,2.71639],
[1.411111,6.59694],
[2.04611,7.54944],
[0.52917,0.81139],
[3.42195,0.635],
[4.55083,-0.24694],
[2.75167,-2.15195],
[3.70417,-2.71639],
[3.88056,-2.25778],
[0.70556,2.11667],
[3.52778,3.06917],
[5.67972,1.94028],
[2.32834,-1.19945],
[2.61056,-2.01084],
[2.8575,-7.62],
[0.21167,-4.58611],
[0.3175,-5.22111],
[1.34056,-7.65528],
[0.635,-1.44639],
[1.12889,-2.82222],
[1.12889,-3.10445],
[0,-0.24694],
[0.635,-1.12888],
[1.41111,-1.97555],
[1.37583,-1.51695],
[1.44639,-1.62278],
[1.19944,-3.28083],
[-0.3175,-2.50473],
[0.28222,-2.99862],
[3.35139,-2.8575],
[l],
[2.32833,0.10583],
[0.17639,-7.23195],
[c],
[0.21167,-8.14916],
[0.38806,-8.89],
[2.78695,-10.37166],
[0.74083,-0.45861],
[1.905,-1.65806],
[2.61055,-2.61056],
[0.70556,-0.98778],
[1.5875,-1.86972],
[1.97556,-2.01083],
[0.42333,-0.10583],
[0.74083,-0.52917],
[0.74083,-0.91722],
[0,-0.38806],
[0.84667,-1.48167],
[1.905,-2.46945],
[1.30528,-1.19944],
[2.29306,-2.57528],
[3.13972,-4.33916],
[0.81139,-1.72862],
[1.72862,-2.99862],
[2.75167,-3.84528],
[0.84667,-0.70556],
[2.54,-2.11667],
[3.77472,-3.13972],
[1.23473,-1.02306],
[2.96334,-2.29306],
[3.81,-2.78695],
[0.84667,-0.49389],
[2.08139,-1.37583],
[2.71639,-1.97555],
[1.02306,-0.9525],
[3.5277805,-2.43417],
[8.7488905,-5.11528],
[1.30528,-0.67028],
[2.39888996,-1.5875],
[3.10444996,-2.61056],
[0.635,-0.84666],
[1.86972004,-2.04611],
[2.78694004,-2.68111],
[0.91722,-0.635],
[2.92806,-2.11667],
[4.51556,-3.28083],
[3.4924995,-2.68111],
[5.9972195,-3.95111],
[8.7841595,-4.40972],
[1.16417,-0.21167],
[2.46945,-0.45862],
[2.8575,-0.52917],
[1.30528,-0.28222],
[3.24556,-3.56306],
[4.05695,-6.985],
[0.74083,-2.99861],
[0.81139,-3.13972],
[2.99861,-5.18583],
[2.57528,-2.39889],
[5.43278,-4.55084],
[8.21972,-6.24417],
[2.61056,-1.5875],
[4.93889,-1.5875],
[8.11389,-0.10583],
[2.18722,1.05833],
[2.32833,1.05833],
[5.85611,0.84666],
[3.59833,-0.24694],
[3.63361,-0.24694],
[4.23333,0.67028],
[0.3175,0.49389],
[0.70556,1.83444],
[0.88195,2.96333],
[0.14111,1.12889],
[0.59972,3.13973],
[1.02305,4.48028],
[0.52917,1.76389],
[0.74084,3.35139],
[0.74084,5.99722],
[0,3.28084],
[0.10583,3.88056],
[1.44639,7.62],
[2.96333,8.36084],
[3.13972,9.24278],
[3.4925,15.76917],
[0.35277,6.77333],
[0.70555,8.43139],
[3.06916,14.67556],
[1.41111,3.70416],
[1.62278,4.7625],
[1.79917,7.69055],
[0.21167,4.16278],
[-0.38806,7.05556],
[-2.78695,13.72306],
[-0.91722,2.61055],
[-2.04611,6.10305],
[-2.46944,7.76111],
[-0.74083,2.71639],
[-0.9525,3.13972],
[-2.61056,4.7625],
[-1.02305,0.9525],
[-1.905,1.94028],
[-1.97555,2.15194],
[-0.0706,0.21167],
[-1.34056,0.98778],
[-2.78695,1.72861],
[-3.70416,1.86973],
[-4.40972,2.43417],
[-6.35,5.08],
[-0.9525,1.30528],
[-2.82222,3.35139],
[-4.19805,4.55084],
[-3.06917,2.75166],
[-3.38667,3.63361],
[-3.03389,8.32555],
[l],
[0.24694,3.38667],
[h],
[4.09223],
[c],
[3.175,0],
[4.19805,-0.10583],
[4.65666,-0.52917],
[0.35278,-0.3175],
[1.76389,-0.67028],
[3.24556,-0.84666],
[1.44639,-0.17639],
[3.06917,-0.56445],
[3.56305,-0.91723],
[1.23473,-0.81139],
[4.33917,-0.81139],
[5.89139,0],
[0.67028,0.35278],
[2.01084,1.37584],
[2.96334,2.29306],
[2.32833,2.15194],
[2.96333,2.46944],
[5.15055,2.46944],
[3.28084,0],
[5.00945,-1.37583],
[7.9375,-6.35],
[1.51695,-2.54],
[2.25778,-3.52777],
[2.71639,-3.52777],
[0.17639,0],
[0.98778,0.70555],
[1.83445,1.5875],
[3.35138,3.42194],
[5.85611,1.02305],
[6.0325,-5.78556],
[0.10583,-3.28083],
[0.14111,-3.38667],
[1.23472,-4.37444],
[1.55222,-1.37584],
[1.69333,-3.03389],
[0.70555,-7.12612],
[-0.9525,-4.05694],
[-1.41111,-10.72444],
[-1.05833,-15.41638],
[0.35278,-4.33917],
[0.74083,-6.06778],
[1.94028,-9.06639],
[0.70555,-1.69334],
[1.09361,-3.70417],
[1.62278,-8.43139],
[2.04611,-18.52084],
[4.62138,-30.26834],
[8.255,-37.465],
[1.234721,-2.43417],
[1.305271,-2.75167],
[1.058331,-4.72722],
[-0.10583,-1.16417],
[-0.38806,-2.39889],
[-0.56445,-2.78695],
[-0.423331,-0.77611],
[0,-1.55222],
[1.905,-3.45722],
[1.94028,-1.94028],
[2.18723,-3.42195],
[1.44639,-8.89],
[-0.59972,-4.55083],
[-0.59972,-4.58611],
[0.14111,-6.0325],
[0.42334,-0.81139],
[0.98778,-3.03389],
[1.30528,-4.97417],
[0.88195,-5.715],
[0.67028,-5.25639],
[3.10445,-6.38528],
[2.11666,-0.98777],
[2.32833,-1.02305],
[7.16139,-0.9525],
[3.66888,0.0706],
[5.78555,0.28223],
[7.9375,0.84667],
[2.39888,0.59972],
[4.90361,0.81139],
[13.37027,1.09361],
[5.715,0.21167],
[13.44084,0.42334],
[17.18028,0.42334],
[6.52639,0.0353],
[6.77333,0],
[7.86695,-0.77612],
[1.02305,-0.77611],
[1.19944,-0.81138],
[2.99861,-0.38805],
[1.5875,0.35278],
[3.06916,0.3175],
[8.36083,-0.17639],
[9.38389,-0.88194],
[12.91167,-1.44639],
[18.62667,-3.03389],
[2.82222,-0.74083],
[5.82083,-1.55222],
[6.70277,-1.76389],
[1.44639,-0.35278],
[19.05,-1.16416],
[19.33223,-0.91722],
[0.0706,0.0706],
[1.34055,5.11528],
[2.89277,11.18306],
[3.06917,12.24138],
[5.04473,21.34305],
[6.70278,30.62111],
[0.59972,3.38666],
[1.48167,7.12611],
[1.94028,8.255],
[l],
[0.84667,2.11666],
[-0.88195,1.72861],
[c],
[-0.9525,1.905],
[-2.25778,6.52639],
[-2.25778,8.04334],
[0,0.52916],
[-0.24694,1.16416],
[-0.56444,1.44639],
[-0.3175,0.24694],
[-0.98778,1.34055],
[-1.55222,2.39889],
[-0.52917,1.09361],
[-1.69334,2.89277],
[-2.61056,4.05694],
[-0.88194,1.12889],
[-2.32833,3.52778],
[-3.24555,5.29167],
[-2.2225,4.33916],
[-3.59834,6.49111],
[-4.33917,6.73805],
[-0.35278,0.10584],
[-0.88194,0.70556],
[-1.19944,1.37584],
[-0.3175,0.67027],
[-0.91723,1.48166],
[-1.37584,1.79916],
[-2.82222,1.97556],
[-8.60778,5.25639],
[-10.68916,6.0325],
[-7.19667,2.71639],
[-7.58473,2.92806],
[-10.75973,6.17361],
[-1.65805,1.65806],
[-3.52777,3.35139],
[-4.1275,3.70417],
[-0.74083,0.42333],
[-1.16416,0.91722],
[-1.16416,1.37583],
[0,0.42334],
[-0.45861,1.09361],
[-1.05834,1.51695],
[-1.94027,1.44639],
[-1.51694,1.79916],
[3.175,2.8575],
[0.88195,0.21166],
[3.4925,0.38805],
[5.85611,0.38805],
[5.64445,0],
[9.45445,-0.91722],
[12.34723,-2.99861],
[0.74083,-0.52916],
[0.81139,-0.49389],
[1.83444,1.30528],
[0.56445,1.02306],
[1.55222,2.32833],
[2.15195,2.89278],
[0.59972,0.56444],
[1.34055,1.79916],
[1.62277,2.71639],
[0.3175,0.9525],
[0.74084,1.79916],
[0.91723,1.94027],
[0.70555,0.42334],
[7.76111,-3.45722],
[11.35944,-6.31472],
[1.19944,-0.91722],
[1.76389,-1.09361],
[4.48028,-1.30528],
[5.11528,-0.42333],
[5.89139,-1.19944],
[6.31472,-5.96194],
[l],
[0.21167,-2.68111],
[3.175,-4.40972],
[c],
[1.72861,-2.43417],
[5.82083,-7.9375],
[9.06639,-12.27667],
[3.28083,-4.30389],
[5.92666,-8.07861],
[5.92666,-8.39611],
[0,-0.28222],
[0.24695,-0.59972],
[0.52917,-0.70556],
[1.23472,-0.49389],
[7.40833,-9.73666],
[10.19528,-15.20472],
[0.70555,-1.41111],
[1.55222,-2.71639],
[1.94027,-2.89278],
[0.88195,-0.49389],
[3.06917,-5.04472],
[3.59834,-7.44361],
[0.24694,-1.09361],
[0.3175,-3.24555],
[0.21166,-5.11528],
[-0.17638,-3.63361],
[-1.12888,-6.59694],
[-3.70416,-11.64166],
[-1.62278,-3.175],
[-1.62278,-3.175],
[-1.69334,-7.05556],
[0,-2.15194],
[-0.24694,-5.89139],
[-0.49388,-8.36083],
[-0.84667,-8.32556],
[0.0353,-14.2875],
[2.18722,-14.85195],
[1.55222,-0.42333],
[2.32833,-0.24694],
[4.445,1.16417],
[2.25778,1.51695],
[3.81,1.76389],
[5.36222,0.88195],
[2.11667,-1.19945],
[3.4925,-0.59973],
[11.1125,4.93888],
[1.94028,1.41112],
[4.62139,3.175],
[5.92667,3.88056],
[1.37583,0.74083],
[2.78694,1.86972],
[3.31611,2.61056],
[1.65805,2.25777],
[3.42194,3.95111],
[4.86833,4.69194],
[0.77611,0.38806],
[3.4925,2.75167],
[5.99722,5.22111],
[2.54,2.46945],
[4.97417,4.72722],
[5.46806,5.04472],
[0.49389,0.35278],
[1.55222,0.59973],
[2.54,0.59973],
[1.37583,0],
[1.69333,0.14111],
[1.86972,0.74083],
[0.45861,1.48167],
[3.21028,3.98639],
[7.12611,6.56167],
[2.64584,1.72861],
[4.65667,3.38666],
[5.99722,4.93888],
[1.48167,1.65806],
[2.71639,2.64584],
[4.40973,3.4925],
[2.08139,1.05834],
[2.50472,1.44639],
[3.31611,3.06917],
[0.52916,0.98778],
[1.41111,2.36361],
[1.97555,2.99861],
[0.56445,0.635],
[2.71639,4.62139],
[4.83306,8.81945],
[2.11667,4.19805],
[4.40972,8.60777],
[5.11528,9.77194],
[1.69333,2.82222],
[1.72861,5.00945],
[0.21166,8.21972],
[-0.59972,1.23473],
[-1.05833,2.64584],
[-1.05833,3.13973],
[0,0.635],
[-0.45861,1.30527],
[-1.44639,2.15194],
[-0.77611,0.67028],
[-2.18722,2.36361],
[-3.175,3.81],
[-0.9525,1.41111],
[-2.92805,3.84528],
[-4.37444,5.3975],
[-1.72861,1.86972],
[-2.64584,3.13972],
[-2.64584,3.66889],
[0,0.45861],
[-0.17639,0.98778],
[-0.42333,1.23472],
[-0.56444,0.56445],
[0.91722,1.05833],
[4.26861,1.51695],
[7.58472,0.9525],
[15.45167,-2.36362],
[17.60361,-7.40834],
[l],
[0.52917,-1.27],
[0.3175,0.88195],
[c],
[0.17639,0.49389],
[0.24694,1.79916],
[0.14111,2.89277],
[-0.10583,1.12889],
[-0.0353,2.43417],
[0.14111,2.92806],
[0.3175,0.84667],
[0.45861,0.88194],
[3.4925,0.88194],
[3.56306,0],
[3.59833,-0.0353],
[6.13833,-3.21027],
[1.37584,-1.69334],
[1.69334,-2.43417],
[2.36362,-5.46806],
[0.42333,-1.905],
[1.48166,-5.60917],
[2.36361,-8.21972],
[2.25777,-6.63222],
[2.15194,-7.62],
[-1.19945,-14.67556],
[-4.51555,-9.45444],
[-5.96194,-13.97],
[-6.45583,-20.10833],
[-0.21167,-2.8575],
[-0.49389,-4.09222],
[-1.51695,-6.52639],
[-1.83444,-4.30389],
[-2.8575,-8.53722],
[-4.51555,-18.16805],
[-0.9525,-5.57389],
[-1.62278,-8.67834],
[-1.97556,-9.10167],
[-1.12889,-1.19945],
[-4.23333,-2.96333],
[-8.92527,-5.00945],
[-5.3975,-2.39888],
[-6.27945,-2.92805],
[-12.27667,-7.72583],
[-3.175,-2.50472],
[-4.51556,-3.81],
[-4.90361,-4.72722],
[-0.84667,-2.04611],
[-0.42334,-5.18583],
[1.41111,-10.65389],
[1.905,-5.57389],
[3.24555,-10.93611],
[3.59833,-14.32278],
[0.21167,-1.79916],
[0.56445,-2.82222],
[1.41111,-4.16278],
[0.635,-0.98777],
[3.59834,-6.87916],
[6.63223,-13.08805],
[7.79638,-15.980834],
[9.38388,-21.660561],
[7.37305,-26.070283],
[-0.49389,-1.058333],
[-0.77611,-2.398889],
[-0.77611,-3.563055],
[0,-3.245556],
[-1.19944,-6.773334],
[-4.65667,-13.6525],
[-3.21027,-6.455834],
[-3.35139,-6.6675],
[-7.9375,-11.818056],
[-2.54,-2.8575],
[-8.11389,-8.5725],
[-12.3825,-12.7],
[-6.10305,-5.891389],
[-8.14916,-7.655278],
[-9.66611,-8.325556],
[-1.05833,-0.458611],
[-2.75166,-1.5875],
[-3.77472,-2.504722],
[-0.98778,-0.881944],
[-2.89278,-2.151944],
[-4.19806,-2.822222],
[-1.30527,-0.670278],
[-3.175,-1.905],
[-4.1275,-2.786944],
[-0.98777,-0.846667],
[-2.36361,-1.834445],
[-3.06916,-2.187223],
[-0.74084,-0.3175],
[-1.34056,-0.740833],
[-1.34056,-0.917222],
[0,-0.176389],
[-1.37583,-1.234722],
[-3.06916,-2.328333],
[-1.72862,-1.093611],
[-4.51556,-3.175],
[-6.27945,-4.586111],
[-1.76389,-1.446389],
[-4.26861,-3.139723],
[-5.60917,-3.739445],
[-6.42055,-2.963333],
[-19.82611,-9.4897222],
[-23.1775,-11.2888892],
[-4.7625,-2.5752774],
[-9.06638,-3.9511108],
[-21.48416,-6.9849997],
[-12.66472,-3.0691666],
[-15.06361,-3.4925],
[-20.17889,-3.4925],
[-3.175,0],
[-4.23333,-0.1058333],
[-4.65667,-0.5291667],
[-0.42333,-0.4586111],
[-2.18722,-0.5291666],
[-11.7475,-0.4938889],
[-6.20889,0.035278],
[-13.75833,0.2822223],
[-16.86278,0.5291667],
]
